0 30.000000 10.000000 0
1 29.700001 2.000000 0
2 29.403000 0.000000 0
3 29.108971 0.000000 0
4 28.817881 0.000000 0
5 28.529701 0.000000 0
6 28.244404 0.000000 0
7 27.961960 0.000000 0
8 27.682341 0.000000 0
9 27.405518 0.000000 0
10 27.131462 0.000000 0
11 26.860147 0.000000 0
12 26.591545 0.000000 0
13 26.325630 0.000000 0
14 26.062374 0.000000 0
15 25.801750 0.000000 0
16 25.543734 0.000000 0
17 25.288296 0.000000 0
18 25.035412 0.000000 0
19 24.785057 0.000000 0
20 24.537207 0.000000 0
21 24.291834 0.000000 0
22 24.048916 0.000000 0
23 23.808426 0.000000 0
24 23.570341 0.000000 0
25 23.334639 0.000000 0
26 23.101292 0.000000 0
27 22.870279 0.000000 0
28 22.641577 0.000000 0
29 22.415161 0.000000 0
30 22.191010 0.000000 0
31 21.969099 0.000000 0
32 21.749409 0.000000 0
33 21.531914 0.000000 0
34 21.316595 0.000000 0
35 21.103430 0.000000 0
36 20.892395 0.000000 0
37 20.683472 0.000000 0
38 20.476637 0.000000 0
39 20.271870 0.000000 0
40 20.069151 0.000000 0
41 19.868460 0.000000 0
42 19.669775 0.000000 0
43 19.473078 0.000000 0
44 19.278347 0.000000 0
45 19.085564 0.000000 0
46 18.894709 0.000000 0
47 18.705761 0.000000 0
48 18.518703 0.000000 0
49 18.333517 0.000000 0
50 18.150183 0.000000 0
51 17.968681 0.000000 0
52 17.788994 0.000000 0
53 17.611103 0.000000 0
54 17.434992 0.000000 0
55 17.260641 0.000000 0
56 17.088036 0.000000 0
57 16.917154 0.000000 0
58 16.747982 0.000000 0
59 16.580502 0.000000 0
60 16.414696 0.000000 0
61 16.250549 0.000000 0
62 16.088043 0.000000 0
63 15.927163 0.000000 0
64 15.767892 0.000000 0
65 15.610213 0.000000 0
66 15.454111 0.000000 0
67 15.299570 0.000000 0
68 15.146574 0.000000 0
69 14.995109 0.000000 0
70 14.845158 0.000000 0
71 14.696706 0.000000 0
72 14.549739 0.000000 0
73 14.404242 0.000000 0
74 14.260200 0.000000 0
75 14.117598 0.000000 0
76 13.976421 0.000000 0
77 13.836658 0.000000 0
78 13.698291 0.000000 0
79 13.561308 0.000000 0
80 13.425694 0.000000 0
81 13.291437 0.000000 0
82 13.158523 0.000000 0
83 13.026937 0.000000 0
84 12.896668 0.000000 0
85 12.767702 0.000000 0
86 12.640025 0.000000 0
87 12.513625 0.000000 0
88 12.388489 0.000000 0
89 12.264604 0.000000 0
90 12.141957 0.000000 0
91 12.020537 0.000000 0
92 11.900332 0.000000 0
93 11.781329 0.000000 0
94 11.663516 0.000000 0
95 11.546881 0.000000 0
96 11.431412 0.000000 0
97 11.317098 0.000000 0
98 11.203927 0.000000 0
99 11.091887 0.000000 0
100 10.980968 0.000000 0
101 10.871159 0.000000 0
102 10.762447 0.000000 0
103 10.654823 0.000000 0
104 10.548275 0.000000 0
105 10.442792 0.000000 0
106 10.338364 0.000000 0
107 10.234980 0.000000 0
108 10.132629 0.000000 0
109 10.031303 0.000000 0
110 9.930990 0.000000 0
111 9.831680 0.000000 0
112 9.733363 0.000000 0
113 9.636029 0.000000 0
114 9.539669 0.000000 0
115 9.444272 0.000000 0
116 9.349830 0.000000 0
117 9.256331 0.000000 0
118 9.163768 0.000000 0
119 9.072130 0.000000 0
120 8.981409 0.000000 0
121 8.891595 0.000000 0
122 8.802679 0.000000 0
123 8.714652 0.000000 0
124 8.627505 0.000000 0
125 8.541230 0.000000 0
126 8.455818 0.000000 0
127 8.371260 0.000000 0
128 8.287547 0.000000 0
129 8.204672 0.000000 0
130 8.122625 0.000000 0
131 8.041399 0.000000 0
132 7.960985 0.000000 0
133 7.881375 0.000000 0
134 7.802562 0.000000 0
135 7.724536 0.000000 0
136 7.647291 0.000000 0
137 7.570818 0.000000 0
138 7.495110 0.000000 0
139 7.420158 0.000000 0
140 7.345957 0.000000 0
141 7.272497 0.000000 0
142 7.199772 0.000000 0
143 7.127775 0.000000 0
144 7.056497 0.000000 0
145 6.985932 0.000000 0
146 6.916073 0.000000 0
147 6.846912 0.000000 0
148 6.778443 0.000000 0
149 6.710659 0.000000 0
150 6.643552 0.000000 0
151 6.577116 0.000000 0
152 6.511345 0.000000 0
153 6.446232 0.000000 0
154 6.381770 0.000000 0
155 6.317952 0.000000 0
156 6.254773 0.000000 0
157 6.192225 0.000000 0
158 6.130303 0.000000 0
159 6.069000 0.000000 0
160 6.008310 0.000000 0
161 5.948227 0.000000 0
162 5.888745 0.000000 0
163 5.829857 0.000000 0
164 5.771559 0.000000 0
165 5.713843 0.000000 0
166 5.656705 0.000000 0
167 5.600138 0.000000 0
168 5.544137 0.000000 0
169 5.488695 0.000000 0
170 5.433808 0.000000 0
171 5.379470 0.000000 0
172 5.325675 0.000000 0
173 5.272418 0.000000 0
174 5.219694 0.000000 0
175 5.167497 0.000000 0
176 5.115822 0.000000 0
177 5.064664 0.000000 0
178 5.014017 0.000000 0
179 4.963877 0.000000 0
180 4.914238 0.000000 0
181 4.865096 0.000000 0
182 4.816445 0.000000 0
183 4.768281 0.000000 0
184 4.720598 0.000000 0
185 4.673392 0.000000 0
186 4.626658 0.000000 0
187 4.580391 0.000000 0
188 4.534587 0.000000 0
189 4.489242 0.000000 0
190 4.444349 0.000000 0
191 4.399906 0.000000 0
192 4.355906 0.000000 0
193 4.312347 0.000000 0
194 4.269224 0.000000 0
195 4.226532 0.000000 0
196 4.184267 0.000000 0
197 4.142424 0.000000 0
198 4.101000 0.000000 0
199 4.059990 0.000000 0
200 4.019390 0.000000 0
201 3.979196 0.000000 0
202 3.939404 0.000000 0
203 3.900010 0.000000 0
204 3.861010 0.000000 0
205 3.822400 0.000000 0
206 3.784176 0.000000 0
207 3.746334 0.000000 0
208 3.708871 0.000000 0
209 3.671782 0.000000 0
210 3.635064 0.000000 0
211 3.598714 0.000000 0
212 3.562726 0.000000 0
213 3.527099 0.000000 0
214 3.491828 0.000000 0
215 3.456910 0.000000 0
216 3.422341 0.000000 0
217 3.388118 0.000000 0
218 3.354236 0.000000 0
219 3.320694 0.000000 0
220 3.287487 0.000000 0
221 3.254612 0.000000 0
222 3.222066 0.000000 0
223 3.189846 0.000000 0
224 3.157947 0.000000 0
225 3.126368 0.000000 0
226 3.095104 0.000000 0
227 3.064153 0.000000 0
228 3.033511 0.000000 0
229 3.003176 0.000000 0
230 2.973145 0.000000 0
231 2.943413 0.000000 0
232 2.913979 0.000000 0
233 2.884839 0.000000 0
234 2.855991 0.000000 0
235 2.827431 0.000000 0
236 2.799156 0.000000 0
237 2.771165 0.000000 0
238 2.743453 0.000000 0
239 2.716019 0.000000 0
240 2.688859 0.000000 0
241 2.661970 0.000000 0
242 2.635350 0.000000 0
243 2.608997 0.000000 0
244 2.582907 0.000000 0
245 2.557078 0.000000 0
246 2.531507 0.000000 0
247 2.506192 0.000000 0
248 2.481130 0.000000 0
249 2.456319 0.000000 0
250 2.431756 0.000000 0
251 2.407438 0.000000 0
252 2.383364 0.000000 0
253 2.359530 0.000000 0
254 2.335935 0.000000 0
255 2.312575 0.000000 0
256 2.289450 0.000000 0
257 2.266555 0.000000 0
258 2.243890 0.000000 0
259 2.221451 0.000000 0
260 2.199236 0.000000 0
261 2.177244 0.000000 0
262 2.155472 0.000000 0
263 2.133917 0.000000 0
264 2.112578 0.000000 0
265 2.091452 0.000000 0
266 2.070537 0.000000 0
267 2.049832 0.000000 0
268 2.029334 0.000000 0
269 2.009040 0.000000 0
270 1.988950 0.000000 0
271 1.969060 0.000000 0
272 1.949370 0.000000 0
273 1.929876 0.000000 0
274 1.910577 0.000000 0
275 1.891472 0.000000 0
276 1.872557 0.000000 0
277 1.853831 0.000000 0
278 1.835293 0.000000 0
279 1.816940 0.000000 0
280 1.798771 0.000000 0
281 1.780783 0.000000 0
282 1.762975 0.000000 0
283 1.745345 0.000000 0
284 1.727892 0.000000 0
285 1.710613 0.000000 0
286 1.693507 0.000000 0
287 1.676572 0.000000 0
288 1.659806 0.000000 0
289 1.643208 0.000000 0
290 1.626776 0.000000 0
291 1.610508 0.000000 0
292 1.594403 0.000000 0
293 1.578459 0.000000 0
294 1.562674 0.000000 0
295 1.547047 0.000000 0
296 1.531577 0.000000 0
297 1.516261 0.000000 0
298 1.501099 0.000000 0
299 1.486088 0.000000 0
300 1.471227 0.000000 0
301 1.456515 0.000000 0
302 1.441949 0.000000 0
303 1.427530 0.000000 0
304 1.413255 0.000000 0
305 1.399122 0.000000 0
306 1.385131 0.000000 0
307 1.371280 0.000000 0
308 1.357567 0.000000 0
309 1.343991 0.000000 0
310 1.330551 0.000000 0
311 1.317246 0.000000 0
312 1.304073 0.000000 0
313 1.291033 0.000000 0
314 1.278122 0.000000 0
315 1.265341 0.000000 0
316 1.252688 0.000000 0
317 1.240161 0.000000 0
318 1.227759 0.000000 0
319 1.215482 0.000000 0
320 1.203327 0.000000 0
321 1.191293 0.000000 0
322 1.179381 0.000000 0
323 1.167587 0.000000 0
324 1.155911 0.000000 0
325 1.144352 0.000000 0
326 1.132908 0.000000 0
327 1.121579 0.000000 0
328 1.110363 0.000000 0
329 1.099260 0.000000 0
330 1.088267 0.000000 0
331 1.077384 0.000000 0
332 1.066611 0.000000 0
333 1.055944 0.000000 0
334 1.045385 0.000000 0
335 1.034931 0.000000 0
336 1.024582 0.000000 0
337 1.014336 0.000000 0
338 1.004193 0.000000 0
339 0.994151 0.000000 0
340 0.984209 0.000000 0
341 0.974367 0.000000 0
342 0.964623 0.000000 0
343 0.954977 0.000000 0
344 0.945427 0.000000 0
345 0.935973 0.000000 0
346 0.926613 0.000000 0
347 0.917347 0.000000 0
348 0.908174 0.000000 0
349 0.899092 0.000000 0
350 0.890101 0.000000 0
351 0.881200 0.000000 0
352 0.872388 0.000000 0
353 0.863664 0.000000 0
354 0.855028 0.000000 0
355 0.846477 0.000000 0
356 0.838013 0.000000 0
357 0.829633 0.000000 0
358 0.821336 0.000000 0
359 0.813123 0.000000 0
360 0.804992 0.000000 0
361 0.796942 0.000000 0
362 0.788972 0.000000 0
363 0.781083 0.000000 0
364 0.773272 0.000000 0
365 0.765539 0.000000 0
366 0.757884 0.000000 0
367 0.750305 0.000000 0
368 0.742802 0.000000 0
369 0.735374 0.000000 0
370 0.728020 0.000000 0
371 0.720740 0.000000 0
372 0.713532 0.000000 0
373 0.706397 0.000000 0
374 0.699333 0.000000 0
375 0.692340 0.000000 0
376 0.685416 0.000000 0
377 0.678562 0.000000 0
378 0.671777 0.000000 0
379 0.665059 0.000000 0
380 0.658408 0.000000 0
381 0.651824 0.000000 0
382 0.645306 0.000000 0
383 0.638853 0.000000 0
384 0.632464 0.000000 0
385 0.626140 0.000000 0
386 0.619878 0.000000 0
387 0.613680 0.000000 0
388 0.607543 0.000000 0
389 0.601467 0.000000 0
390 0.595453 0.000000 0
391 0.589498 0.000000 0
392 0.583603 0.000000 0
393 0.577767 0.000000 0
394 0.571990 0.000000 0
395 0.566270 0.000000 0
396 0.560607 0.000000 0
397 0.555001 0.000000 0
398 0.549451 0.000000 0
399 0.543956 0.000000 0
400 0.538517 0.000000 0
401 0.533132 0.000000 0
402 0.527800 0.000000 0
403 0.522522 0.000000 0
404 0.517297 0.000000 0
405 0.512124 0.000000 0
406 0.507003 0.000000 0
407 0.501933 0.000000 0
